Path results for file: set2.dat
177,523
176,524
175,525
174,526
173,527
173,528
172,529
171,530
170,531
169,532
168,533
167,534
166,535
165,536
164,537
163,538
162,539
161,540
160,541
159,542
158,543
157,544
156,545
155,546
154,547
154,548
154,549
154,550
154,551
154,552
154,553
154,554
154,555
154,556
154,557
154,558
154,559
154,560
154,561
154,562
154,563
154,564
154,565
154,566
154,567
154,568
154,569
154,570
154,571
154,572
154,573
154,574
154,575
154,576
154,577
153,578
153,579
153,580
153,581
153,582
153,583
153,584
153,585
153,586
153,587
153,588
153,589
152,590
151,591
150,592
149,593
148,594
147,595
146,596
145,597
144,598
143,599
142,600
141,601
140,602
139,603
138,604
137,605
136,606
135,607
134,608
133,609
132,610
131,611
130,612
129,613
128,614
127,615
126,616
126,617
126,618
125,619
126,620
126,621
126,622
127,623
128,624
129,624
130,624
131,624
132,624
133,624
134,624
135,624
136,624
137,624
138,624
139,624
140,624
141,624
142,624
143,624
144,624
145,624
146,624
147,624
148,624
149,624
150,624
151,624
152,624
153,624
154,624
155,624
156,624
157,624
158,624
159,624
160,624
161,624
162,624
163,624
164,624
165,624
166,624
167,624
168,624
169,624
170,624
171,624
172,624
173,624
174,624
175,624
176,624
177,624
178,624
179,624
180,624
181,624
182,624
183,624
184,624
185,624
186,624
187,624
188,624
189,624
190,624
191,624
192,624
193,624
194,624
195,624
196,624
197,624
198,624
199,624
200,624
201,624
202,624
203,624
204,624
205,624
206,624
207,624
208,624
209,624
210,624
211,624
212,624
213,624
214,624
215,624
216,624
217,624
218,624
219,624
220,624
221,624
222,624
223,624
224,624
225,624
226,624
227,624
228,624
229,624
230,624
231,624
232,624
233,624
234,624
235,624
236,624
237,624
238,624
239,624
240,624
241,624
242,624
243,624
244,624
245,624
246,624
247,624
248,624
249,624
250,624
251,624
252,624
253,624
254,624
255,624
256,624
257,624
258,624
259,624
260,624
261,624
262,624
263,624
264,624
265,624
266,624
267,624
268,624
269,624
270,624
271,624
272,624
273,624
274,624
275,624
276,624
277,624
278,624
279,624
280,624
281,624
282,624
283,624
284,624
285,624
286,624
287,624
288,624
289,624
290,624
291,624
292,624
293,624
294,624
295,624
296,624
297,624
298,624
299,624
300,624
301,624
302,624
303,624
304,624
305,624
306,624
307,624
308,624
309,624
310,624
311,624
312,624
313,624
314,624
315,624
316,624
317,624
318,624
319,624
320,624
321,624
322,624
323,624
324,624
325,624
326,624
327,624
328,624
329,624
330,624
331,624
332,624
333,624
334,624
335,624
336,624
337,624
338,624
339,624
340,624
341,624
342,624
343,624
344,624
345,624
346,624
347,624
348,624
349,624
350,624
351,624
352,624
353,624
354,624
355,624
356,624
357,624
358,624
359,624
360,624
361,624
362,624
363,624
364,624
365,624
366,624
367,624
368,624
369,624
370,624
371,624
372,624
373,624
374,624
375,624
376,624
377,624
378,624
379,624
380,624
381,624
382,624
383,624
384,624
385,624
386,624
387,624
388,624
389,624
390,624
391,624
392,624
393,624
394,624
395,624
396,624
397,624
398,624
399,624
400,624
401,624
402,624
403,624
404,624
405,624
406,624
407,624
408,624
409,624
410,624
411,624
412,624
413,624
414,624
415,624
416,624
417,624
418,624
419,624
420,624
421,624
422,624
423,624
424,624
425,624
426,624
427,624
428,624
429,624
430,624
431,624
432,624
433,624
434,624
435,624
436,624
437,624
438,624
439,624
440,624
441,624
442,624
443,624
444,624
445,624
446,624
447,624
448,624
449,624
450,624
451,624
452,624
453,624
454,624
455,624
456,624
457,624
458,624
459,624
460,624
461,624
462,624
463,624
464,624
465,624
466,624
467,624
468,624
469,624
470,624
471,624
472,624
473,624
474,624
475,624
476,624
477,624
478,624
479,624
480,624
481,624
482,624
483,624
484,624
485,624
486,624
487,624
488,624
489,624
490,624
491,624
492,624
493,624
494,624
495,624
496,624
497,624
498,624
499,624
500,624
501,624
502,624
503,624
504,624
505,624
506,624
507,624
508,624
509,624
510,624
511,624
512,624
513,624
514,624
515,624
516,624
517,624
518,624
519,624
520,624
521,624
522,624
523,624
524,624
525,624
526,624
527,624
528,624
529,624
530,624
531,624
532,624
533,624
534,624
535,624
536,624
537,624
538,624
539,624
540,624
541,624
542,624
543,624
544,624
545,624
546,624
547,624
548,624
549,624
550,624
551,624
552,624
553,624
554,624
555,624
556,624
557,624
558,624
559,624
560,624
561,624
562,624
563,624
564,624
565,624
566,624
567,624
568,624
569,624
570,624
571,624
572,624
573,624
574,624
575,624
576,624
577,624
578,624
579,624
580,624
581,624
582,624
583,624
584,624
585,624
586,624
587,624
588,624
589,624
590,624
591,624
592,624
593,624
594,624
595,624
596,624
597,624
598,624
599,624
600,624
601,624
602,624
603,624
604,624
605,624
606,624
607,624
608,624
609,624
610,624
611,624
612,624
613,624
614,624
615,624
616,624
617,624
618,624
619,624
620,624
621,624
622,624
623,624
624,624
625,624
626,624
627,624
628,624
629,624
630,624
631,624
632,624
633,624
634,624
635,624
636,624
637,624
638,624
639,624
640,624
641,624
642,624
643,624
644,624
645,624
646,624
647,624
648,624
649,624
650,624
651,624
652,624
653,624
654,624
655,624
656,624
657,624
658,624
659,624
660,624
661,624
662,624
663,624
664,624
665,624
666,624
667,624
668,624
669,624
670,624
671,624
672,624
673,624
674,624
675,624
676,624
677,624
678,624
679,624
680,624
681,624
682,624
683,624
684,624
685,624
686,624
687,624
688,624
689,624
690,624
691,624
692,624
693,624
694,624
695,624
696,624
697,624
698,624
699,624
700,624
701,624
702,624
703,624
704,624
705,624
706,624
707,624
708,624
709,624
710,624
711,624
712,624
713,624
714,624
715,624
716,624
717,624
718,624
719,624
720,624
721,624
722,624
723,624
724,624
725,624
726,624
727,624
728,624
729,624
730,624
731,624
732,624
733,624
734,624
735,624
736,624
737,624
738,624
739,624
740,624
741,624
742,624
743,624
744,624
745,624
746,624
747,624
748,624
749,624
750,624
751,624
752,624
753,624
754,624
755,624
756,624
757,624
758,624
759,624
760,624
761,624
762,624
763,624
764,624
765,624
766,624
767,624
768,624
769,624
770,624
771,624
772,624
773,624
774,624
775,624
776,624
777,624
778,624
779,624
780,624
781,624
782,624
783,624
784,624
785,624
786,624
787,624
788,624
789,624
790,624
791,624
792,624
793,624
794,624
795,624
796,624
797,624
798,624
799,624
800,624
801,624
802,624
803,624
804,624
805,624
806,624
807,624
808,624
809,624
810,624
811,624
812,624
813,624
814,624
815,624
816,624
817,624
818,624
819,624
820,624
821,624
822,624
823,624
824,624
825,624
826,624
827,624
828,624
829,624
830,624
831,624
832,624
833,624
834,624
835,624
836,624
837,624
838,624
839,624
840,624
841,624
842,624
843,624
844,624
845,624
846,624
847,624
848,624
849,624
850,624
851,624
852,624
853,624
854,624
855,624
856,624
857,624
858,624
859,624
860,624
861,624
862,624
863,624
864,624
865,624
866,624
867,624
868,624
869,624
870,624
871,624
872,624
873,624
874,624
875,624
876,624
877,624
878,624
879,624
880,624
881,624
882,624
883,624
884,624
885,624
886,624
887,624
888,624
889,624
890,624
891,624
892,624
893,624
894,624
895,624
896,624
897,624
898,624
899,624
900,624
901,624
902,624
903,624
904,624
905,624
906,624
907,624
908,624
909,624
910,624
911,624
912,624
913,624
914,624
915,624
916,624
917,624
918,624
919,624
920,624
921,624
922,624
923,624
924,624
925,624
926,624
927,624
928,624
929,624
930,624
931,624
932,624
933,624
934,624
935,624
936,624
937,624
938,624
939,624
940,624
941,624
942,624
943,624
944,624
945,624
946,624
947,624
948,624
949,624
950,624
951,624
952,624
953,624
954,624
955,624
956,624
957,624
958,624
959,624
960,624
961,624
962,624
963,624
964,624
965,624
966,624
967,624
968,624
969,624
970,624
971,624
972,624
973,624
974,624
975,624
976,624
977,624
978,624
979,624
980,624
981,624
982,624
983,624
984,624
985,624
986,624
987,624
988,624
989,624
990,624
991,624
992,624
993,624
994,624
995,624
996,624
997,624
998,624
999,624
1000,624
1001,624
1002,624
1003,624
1004,624
1005,624
1006,624
1007,624
1008,624
1009,624
1010,624
1011,624
1012,624
1013,624
1014,624
1015,624
1016,624
1017,624
1018,624
1019,624
1020,624
1021,624
1022,624
1023,624
1024,624
1025,624
1026,624
1027,624
1028,624
1029,624
1030,624
1031,624
1032,624
1033,624
1034,624
1035,624
1036,624
1037,624
1038,624
1039,624
1040,624
1041,624
1042,624
1043,624
1044,624
1045,624
1046,624
1047,624
1048,624
1049,624
1050,624
1051,624
1052,624
1053,624
1054,624
1055,624
1056,624
1057,624
1058,624
1059,624
1060,624
1061,624
1062,624
1063,624
1064,624
1065,624
1066,624
1067,624
1068,624
1069,624
1070,624
1071,624
1072,624
1073,624
1074,624
1075,624
1076,624
1077,624
1078,624
1079,624
1080,624
1081,624
1082,624
1083,624
1084,624
1085,624
1086,624
1087,624
1088,624
1089,624
1090,624
1091,624
1092,624
1093,624
1094,624
1095,624
1096,624
1097,624
1098,624
1099,624
1100,624
1101,624
1102,624
1103,624
1104,624
1105,624
1106,624
1107,624
1108,624
1109,624
1110,624
1111,624
1112,624
1113,624
1114,624
1115,624
1116,624
1117,624
1118,624
1119,624
1120,624
1121,624
1122,624
1123,624
1124,624
1125,624
1126,624
1127,624
1128,624
1129,624
1130,624
1131,624
1132,624
1133,624
1134,624
1135,624
1136,624
1137,624
1138,624
1139,624
1140,624
1141,624
1142,624
1143,624
1144,624
1145,624
1146,624
1147,624
1148,624
1149,624
1150,624
1151,624
1152,624
1153,624
1154,624
1155,624
1156,624
1157,624
1158,624
1159,624
1160,624
1161,624
1162,624
1163,624
1164,624
1165,624
1166,624
1167,624
1168,624
1169,624
1170,624
1171,624
1172,624
1173,624
1174,624
1175,624
1176,624
1177,624
1178,624
1179,624
1180,624
1181,624
1182,624
1183,624
1184,624
1185,624
1186,624
1187,624
1188,624
1189,624
1190,624
1191,624
1192,624
1193,624
1194,624
1195,624
1196,624
1197,624
1198,624
1199,624
1200,624
1201,624
1202,624
1203,624
1204,624
1205,624
1206,624
1207,624
1208,624
1209,624
1210,624
1211,624
1212,624
1213,624
1214,624
1215,624
1216,624
1217,624
1218,624
1219,624
1220,624
1221,624
1222,624
1223,624
1224,624
1225,624
1226,624
1227,624
1228,624
1229,624
1230,624
1231,624
1232,624
1233,624
1234,624
1235,624
1236,624
1237,624
1238,624
1239,624
1240,624
1241,624
1242,624
1243,624
1244,624
1245,624
1246,624
1247,624
1248,624
1249,624
1250,624
1251,624
1252,624
1253,624
1254,624
1255,624
1256,624
1257,624
1258,624
1259,624
1260,624
1261,624
1262,624
1263,624
1264,624
1265,624
1266,624
1267,624
1268,624
1269,624
1270,624
1271,624
1272,624
1273,624
1274,624
1275,624
1276,624
1277,624
1278,624
1279,624
1280,624
1281,624
1282,624
1283,624
1284,624
1285,624
1286,624
1287,624
1288,624
1289,624
1290,624
1291,624
1292,624
1293,624
1294,624
1295,624
1296,624
1297,624
1298,624
1299,624
1300,624
1301,624
1302,624
1303,624
1304,624
1305,624
1306,624
1307,624
1308,624
1309,624
1310,624
1311,624
1312,624
1313,624
1314,624
1315,624
1316,624
1317,624
1318,624
1319,624
1320,624
1321,624
1322,624
1323,624
1324,624
1325,624
1326,624
1327,624
1328,624
1329,624
1330,624
1331,624
1332,624
1333,624
1334,624
1335,624
1336,624
1337,624
1338,624
1339,624
1340,624
1341,624
1342,624
1343,624
1344,624
1345,624
1346,624
1347,624
1348,624
1349,624
1350,624
1351,624
1352,624
1353,624
1354,624
1355,624
1356,624
1357,624
1358,624
1359,624
1360,624
1361,624
1362,624
1363,624
1364,624
1365,624
1366,624
1367,624
1368,624
1369,624
1370,624
1371,624
1372,624
1373,624
1374,624
1375,624
1376,624
1377,624
1378,624
1379,624
1380,624
1381,624
1382,624
1383,624
1384,624
1385,624
1386,624
1387,624
1388,624
1389,624
1390,624
1391,624
1392,624
1393,624
1394,624
1395,624
1396,624
1397,624
1398,624
1399,624
1400,624
1401,624
1402,624
1403,624
1404,623
1405,622
1406,621
1406,620
1406,619
1406,618
1406,617
1405,616
1404,615
1403,614
1402,613
1401,612
1400,611
1399,610
1398,609
1397,608
1396,607
1395,606
1394,605
1393,604
1392,603
1391,602
1390,601
1389,600
1388,599
1387,598
1386,597
1385,596
1384,595
1383,594
1382,593
1381,592
1380,591
1379,590
1378,589
1377,588
1376,587
1375,586
1374,585
1373,584
1372,583
1371,582
1370,581
1369,580
1368,579
1367,578
1366,577
1365,576
1364,575
1363,574
1362,573
1361,572
1360,571
1359,570
1358,569
1357,568
1356,567
1355,566
1354,565
1353,564
1352,563
1351,562
1350,561
1349,560
1348,559
1347,558
1347,557
1347,556
1347,555
1347,554
1347,553
1347,552
1347,551
1347,550
1347,549
1347,548
1347,547
1347,546
1347,545
1347,544
1347,543
1347,542
1347,541
1347,540
1347,539
1347,538
1347,537
1347,536
