Path results for file: set5.dat
310,477
309,476
308,476
307,476
306,476
305,476
304,476
303,476
302,476
301,476
300,476
299,476
298,476
297,476
296,476
295,476
294,476
293,476
292,476
291,476
290,476
289,476
288,476
287,476
286,476
285,476
284,476
283,476
282,476
281,476
280,476
279,476
278,476
277,476
276,476
275,476
274,476
273,476
272,476
271,476
270,476
269,476
268,476
267,476
266,476
265,476
264,476
263,476
262,476
261,476
260,476
259,476
258,476
257,476
256,476
255,476
254,476
253,476
252,476
251,476
250,476
249,476
248,476
247,476
246,476
245,476
244,476
243,476
242,476
241,476
240,476
239,476
238,476
237,476
236,476
235,476
234,476
233,476
232,476
231,476
230,476
229,476
228,476
227,476
226,476
225,476
224,476
223,476
222,476
221,476
220,476
219,476
218,476
217,476
216,476
215,476
214,476
213,476
212,476
211,476
210,476
209,476
208,476
207,476
206,476
205,476
204,476
203,476
202,476
201,476
200,476
199,476
198,476
197,476
196,476
195,476
194,476
193,476
192,476
191,476
190,476
189,476
188,476
187,476
186,476
185,476
184,476
183,476
182,476
181,475
180,474
179,473
178,472
177,471
176,470
175,470
174,470
173,470
172,470
171,470
170,470
169,470
168,470
167,470
166,470
165,470
164,470
163,470
162,470
161,470
160,470
159,470
158,470
157,470
156,470
155,470
154,470
153,470
152,470
151,470
150,470
149,470
148,470
147,470
146,470
145,470
144,470
143,470
142,470
141,470
140,470
139,470
138,470
137,470
136,470
135,470
134,470
133,470
132,470
131,470
130,470
129,470
128,470
127,470
126,470
125,470
124,470
123,470
122,470
121,470
120,470
119,470
118,470
117,470
116,470
115,470
114,470
113,470
112,470
111,470
110,470
109,470
108,470
107,470
106,470
105,470
104,470
103,470
102,470
101,470
100,470
99,470
98,470
97,470
96,470
95,470
94,470
93,470
92,470
91,470
90,470
89,470
88,470
87,470
86,470
85,470
84,470
83,470
82,470
81,470
80,470
79,470
78,470
77,470
76,470
75,470
74,470
73,470
72,470
71,470
70,470
69,470
68,470
67,470
66,470
65,470
64,470
63,470
62,470
61,470
60,470
59,470
58,470
57,470
56,470
55,470
54,470
53,470
52,470
51,470
50,470
49,470
48,470
47,470
46,470
45,470
44,471
43,472
42,473
42,474
42,475
41,476
41,477
41,478
41,479
41,480
41,481
41,482
41,483
41,484
41,485
41,486
41,487
41,488
41,489
41,490
41,491
41,492
41,493
41,494
41,495
41,496
41,497
41,498
41,499
41,500
41,501
41,502
41,503
41,504
41,505
41,506
41,507
41,508
41,509
41,510
41,511
41,512
41,513
41,514
41,515
41,516
41,517
41,518
41,519
41,520
41,521
41,522
41,523
41,524
41,525
41,526
41,527
41,528
41,529
41,530
41,531
41,532
41,533
41,534
41,535
41,536
41,537
41,538
41,539
41,540
41,541
41,542
41,543
41,544
41,545
41,546
41,547
41,548
41,549
41,550
41,551
41,552
41,553
41,554
41,555
41,556
41,557
41,558
41,559
41,560
41,561
41,562
41,563
41,564
41,565
41,566
41,567
41,568
41,569
41,570
41,571
41,572
41,573
41,574
41,575
41,576
41,577
41,578
41,579
41,580
41,581
41,582
41,583
41,584
41,585
41,586
41,587
41,588
41,589
41,590
41,591
41,592
41,593
41,594
41,595
41,596
41,597
41,598
41,599
41,600
41,601
41,602
41,603
41,604
41,605
41,606
41,607
41,608
41,609
41,610
41,611
41,612
41,613
41,614
41,615
41,616
41,617
41,618
41,619
41,620
41,621
41,622
41,623
41,624
41,625
41,626
41,627
41,628
41,629
41,630
41,631
41,632
41,633
41,634
41,635
41,636
41,637
41,638
41,639
41,640
41,641
41,642
41,643
41,644
41,645
41,646
41,647
41,648
41,649
41,650
41,651
41,652
41,653
41,654
41,655
41,656
41,657
41,658
41,659
41,660
41,661
41,662
41,663
41,664
41,665
41,666
41,667
41,668
41,669
41,670
41,671
41,672
41,673
41,674
41,675
41,676
41,677
41,678
41,679
41,680
41,681
41,682
41,683
41,684
41,685
41,686
41,687
41,688
41,689
41,690
41,691
41,692
41,693
41,694
41,695
41,696
41,697
41,698
41,699
41,700
41,701
41,702
41,703
41,704
41,705
41,706
41,707
41,708
41,709
41,710
41,711
41,712
41,713
41,714
41,715
41,716
41,717
41,718
41,719
41,720
41,721
41,722
41,723
41,724
41,725
41,726
41,727
41,728
41,729
41,730
41,731
41,732
41,733
41,734
41,735
41,736
41,737
41,738
41,739
41,740
41,741
41,742
41,743
41,744
41,745
41,746
41,747
41,748
41,749
41,750
41,751
41,752
41,753
41,754
41,755
41,756
41,757
41,758
41,759
41,760
41,761
41,762
41,763
41,764
41,765
41,766
41,767
41,768
41,769
41,770
41,771
41,772
41,773
41,774
41,775
41,776
41,777
41,778
41,779
41,780
41,781
41,782
41,783
41,784
41,785
41,786
41,787
41,788
41,789
41,790
41,791
41,792
41,793
41,794
41,795
41,796
41,797
41,798
41,799
41,800
41,801
41,802
41,803
41,804
41,805
41,806
41,807
41,808
41,809
41,810
41,811
41,812
41,813
41,814
41,815
41,816
41,817
41,818
41,819
41,820
41,821
41,822
41,823
41,824
41,825
41,826
41,827
41,828
41,829
41,830
41,831
41,832
41,833
41,834
41,835
41,836
41,837
41,838
41,839
41,840
41,841
41,842
41,843
41,844
41,845
41,846
41,847
41,848
41,849
41,850
41,851
41,852
41,853
41,854
41,855
41,856
41,857
41,858
41,859
41,860
41,861
41,862
41,863
41,864
41,865
41,866
41,867
41,868
41,869
41,870
41,871
41,872
41,873
41,874
41,875
41,876
41,877
41,878
41,879
41,880
41,881
41,882
41,883
41,884
41,885
41,886
41,887
41,888
41,889
41,890
41,891
41,892
41,893
41,894
41,895
41,896
41,897
41,898
41,899
41,900
41,901
41,902
41,903
41,904
41,905
41,906
41,907
41,908
41,909
41,910
41,911
41,912
41,913
41,914
41,915
41,916
41,917
41,918
41,919
41,920
41,921
41,922
41,923
41,924
41,925
41,926
41,927
41,928
41,929
41,930
41,931
41,932
41,933
41,934
41,935
41,936
41,937
41,938
41,939
41,940
41,941
41,942
41,943
41,944
41,945
41,946
41,947
41,948
41,949
41,950
41,951
41,952
41,953
41,954
41,955
41,956
41,957
41,958
41,959
41,960
41,961
41,962
41,963
41,964
41,965
41,966
41,967
41,968
41,969
41,970
41,971
41,972
41,973
41,974
41,975
41,976
41,977
41,978
41,979
41,980
41,981
41,982
41,983
41,984
41,985
41,986
41,987
41,988
41,989
41,990
41,991
41,992
41,993
41,994
41,995
41,996
41,997
41,998
41,999
41,1000
41,1001
41,1002
41,1003
41,1004
41,1005
41,1006
41,1007
41,1008
41,1009
41,1010
41,1011
41,1012
41,1013
41,1014
41,1015
41,1016
41,1017
41,1018
41,1019
41,1020
41,1021
41,1022
41,1023
41,1024
41,1025
41,1026
41,1027
41,1028
41,1029
41,1030
41,1031
41,1032
41,1033
41,1034
41,1035
41,1036
41,1037
41,1038
41,1039
41,1040
41,1041
41,1042
41,1043
41,1044
41,1045
41,1046
41,1047
41,1048
41,1049
41,1050
41,1051
41,1052
41,1053
41,1054
41,1055
41,1056
41,1057
41,1058
41,1059
41,1060
41,1061
42,1062
42,1063
42,1064
43,1065
44,1066
45,1066
46,1066
47,1066
48,1066
49,1066
50,1066
51,1066
52,1066
53,1066
54,1066
55,1066
56,1066
57,1066
58,1066
59,1066
60,1066
61,1066
62,1066
63,1066
64,1066
65,1066
66,1066
67,1066
68,1066
69,1066
70,1066
71,1066
72,1066
73,1066
74,1066
75,1066
76,1066
77,1066
78,1066
79,1066
80,1066
81,1066
82,1066
83,1066
84,1066
85,1066
86,1066
87,1066
88,1066
89,1066
90,1066
91,1066
92,1066
93,1066
94,1066
95,1066
96,1066
97,1066
98,1066
99,1066
100,1066
101,1066
102,1066
103,1066
104,1066
105,1066
106,1066
107,1066
108,1066
109,1066
110,1066
111,1066
112,1066
113,1066
114,1066
115,1066
116,1066
117,1066
118,1066
119,1066
120,1066
121,1066
122,1066
123,1066
124,1066
125,1066
126,1066
127,1066
128,1066
129,1066
130,1066
131,1066
132,1066
133,1066
134,1066
135,1066
136,1066
137,1066
138,1066
139,1066
140,1066
141,1066
142,1066
143,1066
144,1066
145,1066
146,1066
147,1066
148,1066
149,1066
150,1066
151,1066
152,1066
153,1066
154,1066
155,1066
156,1066
157,1066
158,1066
159,1066
160,1066
161,1066
162,1066
163,1066
164,1066
165,1066
166,1066
167,1066
168,1066
169,1066
170,1066
171,1066
172,1066
173,1066
174,1066
175,1066
176,1066
177,1066
178,1066
179,1066
180,1066
181,1066
182,1066
183,1066
184,1066
185,1066
186,1066
187,1066
188,1066
189,1066
190,1066
191,1066
192,1066
193,1066
194,1066
195,1066
196,1066
197,1066
198,1066
199,1066
200,1066
201,1066
202,1066
203,1066
204,1066
205,1066
206,1066
207,1066
208,1066
209,1066
210,1066
211,1066
212,1066
213,1066
214,1066
215,1066
216,1066
217,1066
218,1066
219,1066
220,1066
221,1066
222,1066
223,1066
224,1066
225,1066
226,1066
227,1066
228,1066
229,1066
230,1066
231,1066
232,1066
233,1066
234,1066
235,1066
236,1066
237,1066
238,1066
239,1066
240,1066
241,1066
242,1066
243,1066
244,1066
245,1066
246,1066
247,1066
248,1066
249,1066
250,1066
251,1066
252,1066
253,1066
254,1066
255,1066
256,1066
257,1066
258,1066
259,1066
260,1066
261,1066
262,1066
263,1066
264,1066
265,1066
266,1066
267,1066
268,1066
269,1066
270,1066
271,1066
272,1066
273,1066
274,1066
275,1066
276,1066
277,1066
278,1066
279,1066
280,1066
281,1066
282,1066
283,1066
284,1066
285,1066
286,1066
287,1066
288,1066
289,1066
290,1066
291,1066
292,1066
293,1066
294,1066
295,1066
296,1066
297,1066
298,1066
299,1066
300,1066
301,1066
302,1066
303,1066
304,1066
305,1066
306,1066
307,1066
308,1066
309,1066
310,1066
311,1066
312,1066
313,1066
314,1066
315,1066
316,1066
317,1066
318,1066
319,1066
320,1066
321,1066
322,1066
323,1066
324,1066
325,1066
326,1066
327,1066
328,1066
329,1066
330,1066
331,1066
332,1066
333,1066
334,1066
335,1066
336,1066
337,1066
338,1066
339,1066
340,1066
341,1066
342,1066
343,1066
344,1066
345,1066
346,1066
347,1066
348,1066
349,1066
350,1066
351,1066
352,1066
353,1066
354,1066
355,1066
356,1066
357,1066
358,1066
359,1066
360,1066
361,1066
362,1066
363,1066
364,1066
365,1066
366,1066
367,1066
368,1066
369,1066
370,1066
371,1066
372,1066
373,1066
374,1066
375,1066
376,1066
377,1066
378,1066
379,1066
380,1066
381,1066
382,1066
383,1066
384,1066
385,1066
386,1066
387,1066
388,1066
389,1066
390,1066
391,1066
392,1066
393,1066
394,1066
395,1066
396,1066
397,1066
398,1066
399,1066
400,1066
401,1066
402,1066
403,1066
404,1066
405,1066
406,1066
407,1066
408,1066
409,1066
410,1066
411,1066
412,1066
413,1066
414,1066
415,1066
416,1066
417,1066
418,1066
419,1066
420,1066
421,1066
422,1066
423,1066
424,1066
425,1066
426,1066
427,1066
428,1066
429,1066
430,1066
431,1066
432,1066
433,1066
434,1066
435,1066
436,1066
437,1066
438,1066
439,1066
440,1066
441,1066
442,1066
443,1066
444,1066
445,1066
446,1066
447,1066
448,1066
449,1066
450,1066
451,1066
452,1066
453,1066
454,1066
455,1066
456,1066
457,1066
458,1066
459,1066
460,1066
461,1066
462,1066
463,1066
464,1066
465,1066
466,1066
467,1066
468,1066
469,1066
470,1066
471,1066
472,1066
473,1066
474,1066
475,1066
476,1066
477,1066
478,1066
479,1066
480,1066
481,1066
482,1066
483,1066
484,1066
485,1066
486,1066
487,1066
488,1066
489,1066
490,1066
491,1066
492,1066
493,1066
494,1066
495,1066
496,1066
497,1066
498,1066
499,1066
500,1066
501,1066
502,1066
503,1066
504,1066
505,1066
506,1066
507,1066
508,1066
509,1066
510,1066
511,1066
512,1066
513,1066
514,1066
515,1066
516,1066
517,1066
518,1066
519,1066
520,1066
521,1066
522,1066
523,1066
524,1066
525,1066
526,1066
527,1066
528,1066
529,1066
530,1066
531,1066
532,1066
533,1066
534,1066
535,1066
536,1066
537,1066
538,1066
539,1066
540,1066
541,1066
542,1066
543,1066
544,1066
545,1066
546,1066
547,1066
548,1066
549,1066
550,1066
551,1066
552,1066
553,1066
554,1066
555,1066
556,1066
557,1066
558,1066
559,1066
560,1066
561,1066
562,1066
563,1066
564,1066
565,1066
566,1066
567,1066
568,1066
569,1066
570,1066
571,1066
572,1066
573,1066
574,1066
575,1066
576,1066
577,1066
578,1066
579,1066
580,1066
581,1066
582,1066
583,1066
584,1066
585,1066
586,1066
587,1066
588,1066
589,1066
590,1066
591,1066
592,1066
593,1066
594,1066
595,1066
596,1066
597,1066
598,1066
599,1066
600,1066
601,1066
602,1066
603,1066
604,1066
605,1066
606,1066
607,1066
608,1066
609,1066
610,1066
611,1066
612,1066
613,1066
614,1066
615,1066
616,1066
617,1066
618,1066
619,1066
620,1066
621,1066
622,1066
623,1066
624,1066
625,1066
626,1066
627,1066
628,1066
629,1066
630,1066
631,1066
632,1066
633,1066
634,1066
635,1066
636,1066
637,1066
638,1066
639,1066
640,1066
641,1066
642,1066
643,1066
644,1066
645,1066
646,1066
647,1066
648,1066
649,1066
650,1066
651,1066
652,1066
653,1066
654,1066
655,1066
656,1066
657,1066
658,1066
659,1066
660,1066
661,1066
662,1066
663,1066
664,1066
665,1066
666,1066
667,1066
668,1066
669,1066
670,1066
671,1066
672,1066
673,1066
674,1066
675,1066
676,1066
677,1066
678,1066
679,1066
680,1066
681,1066
682,1066
683,1066
684,1066
685,1066
686,1066
687,1066
688,1066
689,1066
690,1066
691,1066
692,1066
693,1066
694,1066
695,1066
696,1066
697,1066
698,1066
699,1066
700,1066
701,1066
702,1066
703,1066
704,1066
705,1066
706,1066
707,1066
708,1066
709,1066
710,1066
711,1066
712,1066
713,1066
714,1066
715,1066
716,1066
717,1066
718,1066
719,1066
720,1066
721,1066
722,1066
723,1066
724,1066
725,1066
726,1066
727,1066
728,1066
729,1066
730,1066
731,1066
732,1066
733,1066
734,1066
735,1066
736,1066
737,1066
738,1066
739,1066
740,1066
741,1066
742,1066
743,1066
744,1066
745,1066
746,1066
747,1066
748,1066
749,1066
750,1066
751,1066
752,1066
753,1066
754,1066
755,1066
756,1066
757,1066
758,1066
759,1066
760,1066
761,1066
762,1066
763,1066
764,1066
765,1066
766,1066
767,1066
768,1066
769,1066
770,1066
771,1066
772,1066
773,1066
774,1066
775,1066
776,1066
777,1066
778,1066
779,1066
780,1066
781,1066
782,1066
783,1066
784,1066
785,1066
786,1066
787,1066
788,1066
789,1066
790,1066
791,1066
792,1066
793,1066
794,1066
795,1066
796,1066
797,1066
798,1066
799,1066
800,1066
801,1066
802,1066
803,1066
804,1066
805,1066
806,1066
807,1066
808,1066
809,1066
810,1066
811,1066
812,1066
813,1066
814,1066
815,1066
816,1066
817,1066
818,1066
819,1066
820,1066
821,1066
822,1066
823,1066
824,1066
825,1066
826,1066
827,1066
828,1066
829,1066
830,1066
831,1066
832,1066
833,1066
834,1066
835,1066
836,1066
837,1066
838,1066
839,1066
840,1066
841,1066
842,1066
843,1066
844,1066
845,1066
846,1066
847,1066
848,1066
849,1066
850,1066
851,1066
852,1066
853,1066
854,1066
855,1066
856,1066
857,1066
858,1066
859,1066
860,1066
861,1066
862,1066
863,1066
864,1066
865,1066
866,1066
867,1066
868,1066
869,1066
870,1066
871,1066
872,1066
873,1066
874,1066
875,1066
876,1066
877,1066
878,1066
879,1066
880,1066
881,1066
882,1066
883,1066
884,1066
885,1066
886,1066
887,1066
888,1066
889,1066
890,1066
891,1066
892,1066
893,1066
894,1066
895,1066
896,1066
897,1066
898,1066
899,1066
900,1066
901,1066
902,1066
903,1066
904,1066
905,1066
906,1066
907,1066
908,1066
909,1066
910,1066
911,1066
912,1066
913,1066
914,1066
915,1066
916,1066
917,1066
918,1066
919,1066
920,1066
921,1066
922,1066
923,1066
924,1066
925,1066
926,1066
927,1066
928,1066
929,1066
930,1066
931,1066
932,1066
933,1066
934,1066
935,1066
936,1066
937,1066
938,1066
939,1066
940,1066
941,1066
942,1066
943,1066
944,1066
945,1066
946,1066
947,1066
948,1066
949,1066
950,1066
951,1066
952,1066
953,1066
954,1066
955,1066
956,1066
957,1066
958,1066
959,1066
960,1066
961,1066
962,1066
963,1066
964,1066
965,1066
966,1066
967,1066
968,1066
969,1066
970,1066
971,1066
972,1066
973,1066
974,1066
975,1066
976,1066
977,1066
978,1066
979,1066
980,1066
981,1066
982,1066
983,1066
984,1066
985,1066
986,1066
987,1066
988,1066
989,1066
990,1066
991,1066
992,1066
993,1066
994,1066
995,1066
996,1066
997,1066
998,1066
999,1066
1000,1066
1001,1066
1002,1066
1003,1066
1004,1066
1005,1066
1006,1066
1007,1066
1008,1066
1009,1066
1010,1066
1011,1066
1012,1066
1013,1066
1014,1066
1015,1066
1016,1066
1017,1066
1018,1066
1019,1066
1020,1066
1021,1066
1022,1066
1023,1066
1024,1066
1025,1066
1026,1066
1027,1066
1028,1066
1029,1066
1030,1066
1031,1066
1032,1066
1033,1066
1034,1066
1035,1066
1036,1066
1037,1066
1038,1066
1039,1066
1040,1066
1041,1066
1042,1066
1043,1066
1044,1066
1045,1066
1046,1066
1047,1066
1048,1066
1049,1066
1050,1066
1051,1066
1052,1066
1053,1066
1054,1066
1055,1066
1056,1066
1057,1066
1058,1066
1059,1066
1060,1066
1061,1066
1062,1066
1063,1066
1064,1066
1065,1066
1066,1066
1067,1066
1068,1066
1069,1066
1070,1066
1071,1066
1072,1066
1073,1066
1074,1066
1075,1066
1076,1066
1077,1066
1078,1066
1079,1066
1080,1066
1081,1066
1082,1066
1083,1066
1084,1066
1085,1066
1086,1066
1087,1066
1088,1066
1089,1066
1090,1066
1091,1066
1092,1066
1093,1066
1094,1066
1095,1066
1096,1066
1097,1066
1098,1066
1099,1066
1100,1066
1101,1066
1102,1066
1103,1066
1104,1066
1105,1066
1106,1066
1107,1066
1108,1066
1109,1066
1110,1066
1111,1066
1112,1066
1113,1066
1114,1066
1115,1066
1116,1066
1117,1066
1118,1066
1119,1066
1120,1066
1121,1066
1122,1066
1123,1066
1124,1066
1125,1066
1126,1066
1127,1066
1128,1066
1129,1066
1130,1066
1131,1066
1132,1066
1133,1066
1134,1066
1135,1066
1136,1066
1137,1066
1138,1066
1139,1066
1140,1066
1141,1066
1142,1066
1143,1066
1144,1066
1145,1066
1146,1066
1147,1066
1148,1066
1149,1066
1150,1066
1151,1066
1152,1066
1153,1066
1154,1066
1155,1066
1156,1066
1157,1066
1158,1066
1159,1066
1160,1066
1161,1066
1162,1066
1163,1066
1164,1066
1165,1066
1166,1066
1167,1066
1168,1066
1169,1066
1170,1066
1171,1066
1172,1066
1173,1066
1174,1066
1175,1066
1176,1066
1177,1066
1178,1066
1179,1066
1180,1066
1181,1066
1182,1066
1183,1066
1184,1066
1185,1066
1186,1066
1187,1066
1188,1066
1189,1066
1190,1066
1191,1066
1192,1066
1193,1066
1194,1066
1195,1066
1196,1066
1197,1066
1198,1066
1199,1066
1200,1066
1201,1066
1202,1066
1203,1066
1204,1066
1205,1066
1206,1066
1207,1066
1208,1066
1209,1066
1210,1066
1211,1066
1212,1066
1213,1066
1214,1066
1215,1066
1216,1066
1217,1066
1218,1066
1219,1066
1220,1066
1221,1066
1222,1066
1223,1066
1224,1066
1225,1066
1226,1066
1227,1066
1228,1066
1229,1066
1230,1066
1231,1066
1232,1066
1233,1066
1234,1066
1235,1066
1236,1066
1237,1066
1238,1066
1239,1066
1240,1066
1241,1066
1242,1066
1243,1066
1244,1066
1245,1066
1246,1066
1247,1066
1248,1066
1249,1066
1250,1066
1251,1066
1252,1066
1253,1066
1254,1066
1255,1066
1256,1066
1257,1066
1258,1066
1259,1066
1260,1066
1261,1066
1262,1066
1263,1066
1264,1066
1265,1066
1266,1066
1267,1066
1268,1066
1269,1066
1270,1066
1271,1066
1272,1066
1273,1066
1274,1066
1275,1066
1276,1066
1277,1066
1278,1066
1279,1066
1280,1066
1281,1066
1282,1066
1283,1066
1284,1066
1285,1066
1286,1066
1287,1066
1288,1066
1289,1066
1290,1066
1291,1066
1292,1066
1293,1066
1294,1066
1295,1066
1296,1066
1297,1066
1298,1066
1299,1066
1300,1066
1301,1066
1302,1066
1303,1066
1304,1066
1305,1066
1306,1066
1307,1066
1308,1066
1309,1066
1310,1066
1311,1066
1312,1066
1313,1066
1314,1066
1315,1066
1316,1066
1317,1066
1318,1066
1319,1066
1320,1066
1321,1066
1322,1066
1323,1066
1324,1066
1325,1066
1326,1066
1327,1066
1328,1066
1329,1066
1330,1066
1331,1066
1332,1066
1333,1066
1334,1066
1335,1066
1336,1066
1337,1066
1338,1066
1339,1066
1340,1066
1341,1066
1342,1066
1343,1066
1344,1066
1345,1066
1346,1066
1347,1066
1348,1066
1349,1066
1350,1066
1351,1066
1352,1066
1353,1066
1354,1066
1355,1066
1356,1066
1357,1066
1358,1066
1359,1066
1360,1066
1361,1066
1362,1066
1363,1066
1364,1066
1365,1066
1366,1066
1367,1066
1368,1066
1369,1066
1370,1066
1371,1066
1372,1066
1373,1066
1374,1066
1375,1066
1376,1066
1377,1066
1378,1066
1379,1066
1380,1066
1381,1066
1382,1066
1383,1066
1384,1066
1385,1066
1386,1066
1387,1066
1388,1066
1389,1066
1390,1066
1391,1066
1392,1066
1393,1066
1394,1066
1395,1066
1396,1066
1397,1066
1398,1066
1399,1066
1400,1066
1401,1066
1402,1066
1403,1066
1404,1066
1405,1066
1406,1066
1407,1066
1408,1066
1409,1066
1410,1066
1411,1066
1412,1066
1413,1066
1414,1066
1415,1066
1416,1066
1417,1066
1418,1066
1419,1066
1420,1066
1421,1066
1422,1066
1423,1066
1424,1066
1425,1066
1426,1066
1427,1066
1428,1066
1429,1066
1430,1066
1431,1066
1432,1066
1433,1066
1434,1066
1435,1066
1436,1066
1437,1066
1438,1066
1439,1066
1440,1066
1441,1066
1442,1066
1443,1066
1444,1066
1445,1066
1446,1066
1447,1066
1448,1066
1449,1066
1450,1066
1451,1066
1452,1066
1453,1066
1454,1066
1455,1066
1456,1066
1457,1066
1458,1066
1459,1066
1460,1065
1461,1064
1462,1063
1462,1062
1462,1061
1462,1060
1462,1059
1462,1058
1462,1057
1462,1056
1462,1055
1462,1054
1462,1053
1462,1052
1462,1051
1462,1050
1462,1049
1462,1048
1462,1047
1462,1046
1462,1045
1462,1044
1462,1043
1462,1042
1462,1041
1462,1040
1462,1039
1462,1038
1462,1037
1462,1036
1462,1035
1462,1034
1462,1033
1462,1032
1462,1031
1462,1030
1462,1029
1462,1028
1462,1027
1462,1026
1462,1025
1462,1024
1462,1023
1462,1022
1462,1021
1462,1020
1462,1019
1462,1018
1462,1017
1462,1016
1462,1015
1462,1014
1462,1013
1462,1012
1462,1011
1462,1010
1462,1009
1462,1008
1462,1007
1462,1006
1462,1005
1462,1004
1462,1003
1462,1002
1462,1001
1462,1000
1462,999
1462,998
1462,997
1462,996
1462,995
1462,994
1462,993
1462,992
1462,991
1462,990
1462,989
1462,988
1462,987
1462,986
1462,985
1462,984
1462,983
1462,982
1462,981
1462,980
1462,979
1462,978
1462,977
1462,976
1462,975
1462,974
1462,973
1462,972
1462,971
1462,970
1462,969
1462,968
1462,967
1462,966
1462,965
1462,964
1462,963
1462,962
1462,961
1462,960
1462,959
1462,958
1462,957
1462,956
1462,955
1462,954
1462,953
1462,952
1462,951
1462,950
1462,949
1462,948
1462,947
1462,946
1462,945
1462,944
1462,943
1462,942
1462,941
1462,940
1462,939
1462,938
1462,937
1462,936
1462,935
1462,934
1462,933
1462,932
1462,931
1462,930
1462,929
1462,928
1462,927
1462,926
1462,925
1462,924
1462,923
1462,922
1462,921
1462,920
1462,919
1462,918
1462,917
1462,916
1462,915
1462,914
1462,913
1462,912
1462,911
1462,910
1462,909
1462,908
1462,907
1462,906
1462,905
1462,904
1462,903
1462,902
1462,901
1462,900
1462,899
1462,898
1462,897
1462,896
1462,895
1462,894
1462,893
1462,892
1462,891
1462,890
1462,889
1462,888
1462,887
1462,886
1462,885
1462,884
1462,883
1462,882
1462,881
1462,880
1462,879
1462,878
1462,877
1462,876
1462,875
1462,874
1462,873
1462,872
1462,871
1462,870
1462,869
1462,868
1462,867
1462,866
1462,865
1462,864
1462,863
1462,862
1462,861
1462,860
1462,859
1462,858
1462,857
1462,856
1462,855
1462,854
1462,853
1462,852
1462,851
1462,850
1462,849
1462,848
1462,847
1462,846
1462,845
1462,844
1462,843
1462,842
1462,841
1462,840
1462,839
1462,838
1462,837
1462,836
1462,835
1462,834
1462,833
1462,832
1462,831
1462,830
1462,829
1462,828
1462,827
1462,826
1462,825
1462,824
1462,823
1462,822
1462,821
1462,820
1462,819
1462,818
1462,817
1462,816
1462,815
1462,814
1462,813
1462,812
1462,811
1462,810
1462,809
1462,808
1462,807
1462,806
1462,805
1462,804
1462,803
1462,802
1462,801
1462,800
1462,799
1462,798
1462,797
1462,796
1462,795
1462,794
1462,793
1462,792
1462,791
1462,790
1462,789
1462,788
1462,787
1462,786
1462,785
1462,784
1462,783
1462,782
1462,781
1462,780
1462,779
1462,778
1462,777
1462,776
1462,775
1462,774
1462,773
1462,772
1462,771
1462,770
1462,769
1462,768
1462,767
1462,766
1462,765
1462,764
1462,763
1462,762
1462,761
1462,760
1462,759
1462,758
1462,757
1462,756
1462,755
1462,754
1462,753
1462,752
1462,751
1462,750
1462,749
1462,748
1462,747
1462,746
1462,745
1462,744
1462,743
1462,742
1462,741
1462,740
1462,739
1462,738
1462,737
1462,736
1462,735
1462,734
1462,733
1462,732
1462,731
1462,730
1462,729
1462,728
1462,727
1462,726
1462,725
1462,724
1462,723
1462,722
1462,721
1462,720
1462,719
1462,718
1462,717
1462,716
1462,715
1462,714
1462,713
1462,712
1462,711
1462,710
1462,709
1462,708
1462,707
1462,706
1462,705
1462,704
1462,703
1462,702
1462,701
1462,700
1462,699
1462,698
1462,697
1462,696
1462,695
1462,694
1462,693
1462,692
1462,691
1462,690
1462,689
1462,688
1462,687
1462,686
1462,685
1462,684
1462,683
1462,682
1462,681
1462,680
1462,679
1462,678
1462,677
1462,676
1462,675
1462,674
1462,673
1462,672
1462,671
1462,670
1462,669
1462,668
1462,667
1462,666
1462,665
1462,664
1462,663
1462,662
1462,661
1462,660
1462,659
1462,658
1462,657
1462,656
1462,655
1462,654
1462,653
1462,652
1462,651
1462,650
1462,649
1462,648
1462,647
1462,646
1462,645
1462,644
1462,643
1462,642
1462,641
1462,640
1462,639
1462,638
1462,637
1462,636
1462,635
1462,634
1462,633
1462,632
1462,631
1462,630
1462,629
1462,628
1462,627
1462,626
1462,625
1462,624
1462,623
1462,622
1462,621
1462,620
1462,619
1462,618
1462,617
1462,616
1462,615
1462,614
1462,613
1462,612
1462,611
1462,610
1462,609
1462,608
1462,607
1462,606
1462,605
1462,604
1462,603
1462,602
1462,601
1462,600
1462,599
1462,598
1462,597
1462,596
1462,595
1462,594
1462,593
1462,592
1462,591
1462,590
1462,589
1462,588
1462,587
1462,586
1462,585
1462,584
1462,583
1462,582
1462,581
1462,580
1462,579
1462,578
1462,577
1462,576
1462,575
1462,574
1462,573
1462,572
1462,571
1462,570
1462,569
1462,568
1462,567
1462,566
1462,565
1462,564
1462,563
1462,562
1462,561
1462,560
1462,559
1462,558
1462,557
1462,556
1462,555
1462,554
1462,553
1462,552
1462,551
1462,550
1462,549
1462,548
1462,547
1462,546
1462,545
1462,544
1462,543
1462,542
1462,541
1462,540
1462,539
1462,538
1462,537
1462,536
1462,535
1462,534
1462,533
1462,532
1462,531
1462,530
1462,529
1462,528
1462,527
1462,526
1462,525
1462,524
1462,523
1462,522
1462,521
1462,520
1462,519
1462,518
1462,517
1462,516
1462,515
1462,514
1462,513
1462,512
1462,511
1462,510
1462,509
1462,508
1462,507
1462,506
1462,505
1462,504
1462,503
1462,502
1462,501
1462,500
1462,499
1462,498
1462,497
1462,496
1462,495
1462,494
1462,493
1462,492
1462,491
1462,490
1462,489
1462,488
1462,487
1462,486
1462,485
1462,484
1462,483
1462,482
1462,481
1462,480
1462,479
1462,478
1462,477
1462,476
1462,475
1462,474
1462,473
1462,472
1462,471
1462,470
1462,469
1462,468
1462,467
1462,466
1462,465
1462,464
1462,463
1462,462
1462,461
1462,460
1462,459
1462,458
1462,457
1462,456
1462,455
1462,454
1462,453
1462,452
1462,451
1462,450
1462,449
1462,448
1462,447
1462,446
1462,445
1462,444
1462,443
1462,442
1462,441
1462,440
1462,439
1462,438
1462,437
1462,436
1462,435
1462,434
1462,433
1462,432
1462,431
1462,430
1462,429
1462,428
1462,427
1462,426
1462,425
1462,424
1462,423
1462,422
1462,421
1462,420
1462,419
1462,418
1462,417
1462,416
1462,415
1462,414
1462,413
1462,412
1462,411
1462,410
1462,409
1462,408
1462,407
1462,406
1462,405
1462,404
1462,403
1462,402
1462,401
1462,400
1462,399
1462,398
1462,397
1462,396
1462,395
1462,394
1462,393
1462,392
1462,391
1462,390
1462,389
1462,388
1462,387
1462,386
1462,385
1462,384
1462,383
1462,382
1462,381
1462,380
1462,379
1462,378
1462,377
1462,376
1462,375
1462,374
1462,373
1462,372
1462,371
1462,370
1462,369
1462,368
1462,367
1462,366
1462,365
1462,364
1462,363
1462,362
1462,361
1462,360
1462,359
1462,358
1462,357
1462,356
1462,355
1462,354
1462,353
1462,352
1462,351
1462,350
1462,349
1462,348
1462,347
1462,346
1462,345
1462,344
1462,343
1462,342
1462,341
1462,340
1462,339
1462,338
1462,337
1462,336
1462,335
1462,334
1462,333
1462,332
1462,331
1462,330
1462,329
1462,328
1462,327
1462,326
1462,325
1462,324
1462,323
1462,322
1462,321
1462,320
1462,319
1462,318
1462,317
1462,316
1462,315
1462,314
1462,313
1462,312
1462,311
1462,310
1462,309
1462,308
1462,307
1462,306
1462,305
1462,304
1462,303
1462,302
1462,301
1462,300
1462,299
1462,298
1462,297
1462,296
1462,295
1462,294
1462,293
1462,292
1462,291
1462,290
1462,289
1462,288
1462,287
1462,286
1462,285
1462,284
1462,283
1462,282
1462,281
1462,280
1462,279
1462,278
1462,277
1462,276
1462,275
1462,274
1462,273
1462,272
1462,271
1462,270
1462,269
1462,268
1462,267
1462,266
1462,265
1462,264
1462,263
1462,262
1462,261
1462,260
1462,259
1462,258
1462,257
1462,256
1462,255
1462,254
1462,253
1462,252
1462,251
1462,250
1462,249
1462,248
1462,247
1462,246
1462,245
1462,244
1462,243
1462,242
1462,241
1462,240
1462,239
1462,238
1462,237
1462,236
1462,235
1462,234
1462,233
1462,232
1462,231
1462,230
1462,229
1462,228
1462,227
1462,226
1462,225
1462,224
1462,223
1462,222
1462,221
1462,220
1462,219
1462,218
1462,217
1462,216
1462,215
1462,214
1462,213
1462,212
1462,211
1462,210
1462,209
1462,208
1462,207
1462,206
1462,205
1462,204
1462,203
1462,202
1462,201
1462,200
1462,199
1462,198
1462,197
1462,196
1462,195
1462,194
1462,193
1462,192
1462,191
1462,190
1462,189
1462,188
1462,187
1462,186
1462,185
1462,184
1462,183
1462,182
1462,181
1462,180
1462,179
1462,178
1462,177
1462,176
1462,175
1462,174
1462,173
1462,172
1462,171
1462,170
1462,169
1462,168
1462,167
1462,166
1462,165
1462,164
1462,163
1462,162
1462,161
1462,160
1462,159
1462,158
1462,157
1462,156
1462,155
1462,154
1462,153
1462,152
1462,151
1462,150
1462,149
1462,148
1462,147
1462,146
1462,145
1462,144
1462,143
1462,142
1462,141
1462,140
1462,139
1462,138
1462,137
1462,136
1462,135
1462,134
1462,133
1462,132
1462,131
1462,130
1462,129
1462,128
1462,127
1462,126
1462,125
1462,124
1462,123
1462,122
1462,121
1462,120
1462,119
1462,118
1462,117
1462,116
1462,115
1462,114
1462,113
1462,112
1462,111
1462,110
1462,109
1462,108
1462,107
1462,106
1462,105
1462,104
1462,103
1462,102
1462,101
1462,100
1462,99
1462,98
1462,97
1462,96
1462,95
1462,94
1462,93
1462,92
1462,91
1462,90
1462,89
1462,88
1462,87
1462,86
1462,85
1462,84
1462,83
1462,82
1462,81
1462,80
1462,79
1462,78
1462,77
1462,76
1462,75
1462,74
1462,73
1462,72
1462,71
1462,70
1462,69
1462,68
1462,67
1462,66
1462,65
1462,64
1462,63
1462,62
1462,61
1462,60
1462,59
1462,58
1462,57
1462,56
1462,55
1462,54
1462,53
1462,52
1462,51
1462,50
1461,49
1460,48
1459,47
1458,47
1457,46
1456,46
1455,46
1454,46
1453,46
1452,46
1451,46
1450,46
1449,46
1448,46
1447,46
1446,46
1445,46
1444,46
1443,46
1442,46
1441,46
1440,46
1439,46
1438,46
1437,46
1436,46
1435,46
1434,46
1433,46
1432,46
1431,46
1430,46
1429,46
1428,46
1427,46
1426,46
1425,46
1424,46
1423,46
1422,46
1421,46
1420,46
1419,46
1418,46
1417,46
1416,46
1415,46
1414,46
1413,46
1412,46
1411,46
1410,46
1409,46
1408,46
1407,46
1406,46
1405,46
1404,46
1403,46
1402,46
1401,46
1400,46
1399,46
1398,46
1397,46
1396,46
1395,46
1394,46
1393,46
1392,46
1391,46
1390,46
1389,46
1388,46
1387,46
1386,46
1385,46
1384,46
1383,46
1382,46
1381,46
1380,46
1379,46
1378,46
1377,46
1376,46
1375,46
1374,46
1373,46
1372,46
1371,46
1370,46
1369,46
1368,46
1367,46
1366,46
1365,46
1364,46
1363,46
1362,46
1361,46
1360,46
1359,46
1358,46
1357,46
1356,46
1355,46
1354,46
1353,46
1352,46
1351,46
1350,46
1349,46
1348,46
1347,46
1346,46
1345,46
1344,46
1343,46
1342,46
1341,46
1340,46
1339,46
1338,46
1337,46
1336,46
1335,46
1334,46
1333,46
1332,46
1331,46
1330,46
1329,46
1328,46
1327,46
1326,46
1325,46
1324,46
1323,46
1322,46
1321,46
1320,46
1319,46
1318,46
1317,46
1316,46
1315,46
1314,46
1313,46
1312,46
1311,46
1310,46
1309,46
1308,46
1307,46
1306,46
1305,46
1304,46
1303,46
1302,46
1301,46
1300,46
1299,46
1298,46
1297,46
1296,46
1295,46
1294,46
1293,46
1292,46
1291,46
1290,46
1289,46
1288,46
1287,46
1286,46
1285,46
1284,46
1283,46
1282,46
1281,46
1280,46
1279,46
1278,46
1277,46
1276,46
1275,46
1274,46
1273,46
1272,46
1271,46
1270,46
1269,46
1268,46
1267,46
1266,46
1265,46
1264,46
1263,46
1262,46
1261,46
1260,46
1259,46
1258,46
1257,46
1256,46
1255,46
1254,46
1253,46
1252,46
1251,46
1250,46
1249,46
1248,46
1247,46
1246,46
1245,46
1244,46
1243,46
1242,46
1241,46
1240,46
1239,46
1238,46
1237,46
1236,46
1235,46
1234,46
1233,46
1232,46
1231,46
1230,46
1229,46
1228,46
1227,46
1226,46
1225,46
1224,46
1223,46
1222,46
1221,46
1220,46
1219,46
1218,46
1217,46
1216,46
1215,46
1214,46
1213,46
1212,46
1211,46
1210,46
1209,46
1208,46
1207,46
1206,46
1205,46
1204,46
1203,46
1202,46
1201,46
1200,46
1199,46
1198,46
1197,46
1196,46
1195,46
1194,46
1193,46
1192,46
1191,46
1190,46
1189,46
1188,46
1187,46
1186,46
1185,46
1184,46
1183,46
1182,46
1181,46
1180,46
1179,46
1178,46
1177,46
1176,46
1175,46
1174,46
1173,46
1172,46
1171,46
1170,46
1169,46
1168,46
1167,46
1166,46
1165,46
1164,46
1163,46
1162,46
1161,46
1160,46
1159,46
1158,46
1157,46
1156,46
1155,46
1154,46
1153,46
1152,46
1151,46
1150,46
1149,46
1148,46
1147,46
1146,46
1145,46
1144,46
1143,46
1142,46
1141,46
1140,46
1139,46
1138,46
1137,46
1136,46
1135,46
1134,46
1133,46
1132,46
1131,46
1130,46
1129,46
1128,46
1127,46
1126,46
1125,46
1124,46
1123,46
1122,46
1121,46
1120,46
1119,46
1118,46
1117,46
1116,46
1115,46
1114,46
1113,46
1112,46
1111,46
1110,46
1109,46
1108,46
1107,46
1106,46
1105,46
1104,46
1103,46
1102,46
1101,46
1100,46
1099,46
1098,46
1097,46
1096,46
1095,46
1094,46
1093,46
1092,46
1091,46
1090,46
1089,46
1088,46
1087,46
1086,46
1085,46
1084,46
1083,46
1082,46
1081,46
1080,46
1079,46
1078,46
1077,46
1076,46
1075,46
1074,46
1073,46
1072,46
1071,46
1070,46
1069,46
1068,46
1067,46
1066,46
1065,46
1064,46
1063,46
1062,46
1061,46
1060,46
1059,46
1058,46
1057,46
1056,46
1055,46
1054,46
1053,46
1052,46
1051,46
1050,46
1049,46
1048,46
1047,46
1046,46
1045,46
1044,46
1043,46
1042,46
1041,46
1040,46
1039,46
1038,46
1037,46
1036,46
1035,46
1034,46
1033,46
1032,46
1031,46
1030,46
1029,46
1028,46
1027,46
1026,46
1025,46
1024,46
1023,46
1022,46
1021,46
1020,46
1019,46
1018,46
1017,46
1016,46
1015,46
1014,46
1013,46
1012,46
1011,46
1010,46
1009,46
1008,46
1007,46
1006,46
1005,46
1004,46
1003,46
1002,46
1001,46
1000,46
999,46
998,46
997,46
996,46
995,46
994,46
993,46
992,46
991,46
990,46
989,46
988,46
987,46
986,46
985,46
984,46
983,46
982,46
981,46
980,46
979,46
978,46
977,46
976,46
975,46
974,46
973,46
972,46
971,46
970,46
969,46
968,46
967,46
966,46
965,46
964,46
963,46
962,46
961,46
960,46
959,46
958,46
957,46
956,46
955,46
954,46
953,46
952,46
951,46
950,46
949,46
948,46
947,46
946,46
945,46
944,46
943,46
942,46
941,46
940,46
939,46
938,46
937,46
936,46
935,46
934,46
933,46
932,46
931,46
930,46
929,46
928,46
927,46
926,46
925,46
924,46
923,46
922,46
921,46
920,46
919,46
918,46
917,46
916,46
915,46
914,46
913,46
912,46
911,46
910,46
909,46
908,46
907,46
906,46
905,46
904,46
903,46
902,46
901,46
900,46
899,46
898,46
897,46
896,46
895,46
894,46
893,46
892,46
891,46
890,46
889,46
888,46
887,46
886,46
885,46
884,46
883,46
882,46
881,46
880,46
879,46
878,46
877,46
876,46
875,46
874,46
873,46
872,46
871,46
870,46
869,46
868,46
867,46
866,46
865,46
864,46
863,46
862,46
861,46
860,46
859,46
858,46
857,46
856,46
855,46
854,46
853,46
852,46
851,46
850,46
849,46
848,46
847,46
846,46
845,46
844,46
843,46
842,46
841,46
840,46
839,46
838,46
837,46
836,46
835,46
834,46
833,46
832,46
831,46
830,46
829,46
828,46
827,46
826,46
825,46
824,46
823,46
822,46
821,46
820,46
819,46
818,46
817,46
816,46
815,46
814,46
813,46
812,46
811,46
810,46
809,46
808,46
807,46
806,46
805,46
804,46
803,46
802,46
801,46
800,46
799,46
798,46
797,46
796,46
795,46
794,46
793,46
792,46
791,46
790,46
789,46
788,46
787,46
786,46
785,46
784,46
783,46
782,46
781,46
780,46
779,46
778,46
777,46
776,46
775,46
774,46
773,46
772,46
771,46
770,46
769,46
768,46
767,46
766,46
765,46
764,46
763,46
762,46
761,46
760,46
759,46
758,46
757,46
756,46
755,46
754,46
753,46
752,46
751,46
750,46
749,46
748,46
747,46
746,46
745,46
744,46
743,46
742,46
741,46
740,46
739,46
738,46
737,46
736,46
735,46
734,46
733,46
732,46
731,46
730,46
729,46
728,46
727,46
726,46
725,46
724,46
723,46
722,46
721,46
720,46
719,46
718,46
717,46
716,46
715,46
714,46
713,46
712,46
711,46
710,46
709,46
708,46
707,46
706,46
705,46
704,46
703,46
702,46
701,46
700,46
699,46
698,46
697,46
696,46
695,46
694,46
693,46
692,46
691,46
690,46
689,46
688,46
687,46
686,46
685,46
684,46
683,46
682,46
681,46
680,46
679,46
678,46
677,46
676,46
675,46
674,46
673,46
672,46
671,46
670,46
669,46
668,46
667,46
666,46
665,46
664,46
663,46
662,46
661,46
660,46
659,46
658,46
657,46
656,46
655,46
654,46
653,46
652,46
651,46
650,46
649,46
648,46
647,46
646,46
645,46
644,46
643,46
642,46
641,46
640,46
639,46
638,46
637,46
636,46
635,46
634,46
633,46
632,46
631,46
630,46
629,46
628,46
627,46
626,46
625,46
624,46
623,46
622,46
621,46
620,46
619,46
618,46
617,46
616,46
615,46
614,46
613,46
612,46
611,46
610,46
609,46
608,46
607,46
606,46
605,46
604,46
603,46
602,46
601,46
600,46
599,46
598,46
597,46
596,46
595,46
594,46
593,46
592,46
591,46
590,46
589,46
588,46
587,46
586,46
585,46
584,46
583,46
582,46
581,46
580,46
579,46
578,46
577,46
576,46
575,46
574,46
573,46
572,46
571,46
570,46
569,46
568,46
567,46
566,46
565,46
564,46
563,46
562,46
561,46
560,46
559,46
558,46
557,46
556,46
555,46
554,46
553,46
552,46
551,46
550,46
549,46
548,46
547,46
546,46
545,46
544,46
543,46
542,46
541,46
540,46
539,46
538,46
537,46
536,46
535,46
534,46
533,46
532,46
531,46
530,46
529,46
528,46
527,46
526,46
525,46
524,46
523,46
522,46
521,46
520,46
519,46
518,46
517,46
516,46
515,45
514,46
513,46
512,46
511,47
510,48
510,49
510,50
509,51
509,52
509,53
509,54
509,55
509,56
509,57
509,58
509,59
509,60
509,61
509,62
509,63
509,64
509,65
509,66
509,67
509,68
509,69
509,70
509,71
509,72
509,73
509,74
509,75
509,76
509,77
509,78
509,79
509,80
509,81
509,82
509,83
509,84
509,85
509,86
509,87
509,88
509,89
509,90
509,91
509,92
509,93
509,94
509,95
509,96
509,97
509,98
509,99
509,100
509,101
509,102
508,103
507,104
506,105
505,106
504,107
503,108
502,109
501,110
500,111
499,112
498,113
497,114
496,115
495,116
494,117
493,118
492,119
491,120
490,121
489,122
488,123
487,124
486,125
485,126
484,127
483,128
482,129
481,130
480,131
479,132
478,133
477,134
476,135
475,136
474,137
473,138
472,139
471,140
470,141
469,142
468,143
467,144
466,145
465,146
464,147
463,148
462,149
461,150
460,151
459,152
458,153
457,153
456,153
455,153
454,153
453,153
452,153
451,153
450,153
449,153
448,153
447,153
446,153
445,153
444,153
443,153
442,153
441,153
440,153
439,153
438,153
437,153
436,153
435,153
434,153
433,153
432,153
431,153
430,153
429,153
428,153
427,153
426,153
425,153
424,153
423,153
422,153
421,153
420,153
419,153
418,153
417,153
416,153
415,153
414,153
413,153
412,153
411,153
410,153
409,153
408,153
407,153
406,153
405,153
404,153
403,153
402,153
401,153
400,153
399,153
398,153
397,153
396,153
395,153
394,153
393,153
392,153
391,153
390,153
389,153
388,153
387,153
386,153
385,153
384,153
383,153
382,153
381,153
380,153
379,153
378,153
377,153
376,153
375,153
374,153
373,153
372,153
371,153
370,153
369,153
368,153
367,153
366,153
365,153
364,153
363,153
362,153
361,153
360,153
359,153
358,153
357,153
356,153
355,153
354,153
353,153
352,153
351,153
350,153
349,153
348,153
347,153
346,153
345,153
344,153
343,153
342,153
341,153
340,153
339,153
338,153
337,153
336,153
335,153
334,153
333,153
332,153
331,153
330,153
329,153
328,153
327,153
326,153
325,153
324,153
323,153
322,154
321,154
320,154
319,155
318,156
318,157
317,158
317,159
317,160
316,161
317,162
317,163
317,164
317,165
317,166
317,167
317,168
317,169
317,170
317,171
317,172
317,173
317,174
317,175
317,176
317,177
317,178
317,179
317,180
317,181
317,182
317,183
317,184
317,185
317,186
317,187
317,188
317,189
317,190
317,191
317,192
317,193
317,194
317,195
317,196
317,197
317,198
317,199
317,200
317,201
317,202
317,203
317,204
317,205
317,206
317,207
317,208
317,209
317,210
317,211
317,212
318,213
318,214
318,215
319,216
320,217
321,218
322,219
323,220
324,221
325,222
326,223
327,224
328,225
329,226
330,227
331,228
332,229
333,230
334,231
335,232
336,233
337,233
338,233
339,233
340,233
341,233
342,233
343,233
344,233
345,233
346,233
347,233
348,233
349,233
350,233
351,233
352,233
353,233
354,233
355,233
356,233
357,233
358,233
359,233
360,233
361,233
362,233
363,233
364,233
365,233
366,233
367,233
368,233
369,233
370,233
371,233
372,233
373,233
374,233
375,233
376,233
377,233
378,233
379,233
380,233
381,233
382,233
383,233
384,233
385,233
386,233
387,233
388,233
389,233
390,233
391,233
392,233
393,233
394,233
395,233
396,233
397,233
398,233
399,233
400,233
401,233
402,233
403,233
404,233
405,233
406,233
407,233
408,233
409,233
410,233
411,233
412,233
413,233
414,233
415,233
416,233
417,233
418,233
419,233
420,233
421,233
422,233
423,233
424,233
425,233
426,233
427,233
428,233
429,233
430,233
431,233
432,233
433,233
434,233
435,233
436,233
437,233
438,233
439,233
440,233
441,233
442,234
443,234
444,235
445,236
446,237
447,238
448,239
449,240
450,241
451,242
452,243
453,244
454,245
455,246
456,247
457,248
458,249
459,250
460,251
461,252
462,253
463,254
464,255
465,256
466,257
467,257
468,257
469,257
470,257
471,257
472,257
473,257
474,257
475,257
476,257
477,257
478,257
479,257
480,257
481,257
482,257
483,257
484,257
485,257
486,257
487,257
488,257
489,257
490,257
491,258
492,258
493,259
494,260
495,261
496,262
497,263
498,264
499,265
500,266
501,267
502,268
503,269
504,270
505,271
506,272
507,273
508,274
509,275
510,276
511,277
512,278
513,279
514,280
515,281
516,282
517,283
518,284
519,285
520,286
521,287
522,288
523,289
524,290
525,291
526,292
527,293
528,294
529,295
530,296
531,297
532,298
533,299
534,300
535,301
536,302
537,303
537,304
537,305
537,306
537,307
537,308
537,309
537,310
537,311
537,312
537,313
537,314
537,315
537,316
537,317
537,318
537,319
537,320
537,321
537,322
537,323
537,324
537,325
538,326
538,327
538,328
539,329
539,330
540,331
540,332
540,333
541,334
542,335
543,336
544,337
545,338
546,339
547,340
548,341
549,342
550,343
551,344
552,345
553,346
554,347
555,348
556,349
557,350
558,351
559,352
560,353
561,354
562,355
563,356
564,357
565,358
566,359
567,360
568,361
569,361
570,361
571,361
572,361
573,361
574,361
575,361
576,361
577,361
578,361
579,361
580,361
581,361
582,361
583,361
584,361
585,361
586,361
587,361
588,361
589,361
590,361
591,361
592,361
593,361
594,361
595,361
596,361
597,361
598,361
599,361
600,361
601,361
602,361
603,361
604,361
605,361
606,361
607,361
608,361
609,361
610,361
611,361
612,361
613,361
614,361
615,361
616,361
617,361
618,361
619,361
620,361
621,361
622,361
623,361
624,361
625,361
626,361
627,361
628,361
629,361
630,361
631,361
632,361
633,361
634,361
635,361
636,361
637,361
638,361
639,361
640,361
641,361
642,361
643,361
644,361
645,361
646,361
647,361
648,361
649,361
650,361
651,361
652,361
653,361
654,361
655,361
656,361
657,361
658,361
659,361
660,361
661,361
662,361
663,361
664,361
665,361
666,361
667,361
668,361
669,361
670,361
671,361
672,361
673,361
674,361
675,361
676,361
677,361
678,361
679,361
680,361
681,361
682,361
683,361
684,361
685,361
686,361
687,361
688,361
689,361
690,361
691,361
692,361
693,361
694,361
695,361
696,361
697,361
698,361
699,361
700,361
701,361
702,361
703,361
704,361
705,361
706,361
707,361
708,361
709,361
710,361
711,361
712,361
713,361
714,361
715,361
716,361
717,361
718,361
719,361
720,361
721,361
722,361
723,361
724,361
725,361
726,361
727,361
728,361
729,361
730,361
731,361
732,361
733,361
734,361
735,361
736,361
737,361
738,361
739,361
740,361
741,361
742,361
743,361
744,361
745,361
746,361
747,361
748,361
749,361
750,361
751,361
752,361
753,361
754,361
755,361
756,361
757,361
758,361
759,361
760,361
761,361
762,361
763,361
764,361
765,361
766,361
767,361
768,361
769,361
770,361
771,361
772,361
773,361
774,361
775,361
776,361
777,361
778,361
779,361
780,361
781,361
782,361
783,361
784,361
785,361
786,361
787,361
788,361
789,361
790,361
791,361
792,361
793,361
794,361
795,361
796,361
797,361
798,361
799,361
800,361
801,361
802,361
803,361
804,361
805,361
806,361
807,361
808,361
809,361
810,361
811,361
812,361
813,361
814,361
815,361
816,361
817,361
818,361
819,361
820,361
821,361
822,361
823,361
824,361
825,361
826,361
827,361
828,361
829,361
830,361
831,361
832,361
833,361
834,361
835,361
836,361
837,361
838,361
839,361
840,361
841,361
842,361
843,361
844,361
845,361
846,361
847,361
848,361
849,361
850,361
851,361
852,361
853,361
854,361
855,361
856,361
857,361
858,361
859,361
860,361
861,361
862,361
863,361
864,361
865,361
866,361
867,361
868,361
869,361
870,361
871,361
872,361
873,361
874,361
875,361
876,361
877,361
878,361
879,361
880,361
881,361
882,361
883,361
884,361
885,361
886,361
887,361
888,361
889,361
890,361
891,361
892,361
893,361
894,361
895,361
896,361
897,361
898,361
899,361
900,361
901,361
902,361
903,361
904,361
905,361
906,361
907,361
908,361
909,361
910,361
911,361
912,361
913,361
914,361
915,361
916,361
917,361
918,361
919,361
920,361
921,361
922,361
923,361
924,361
925,361
926,361
927,361
928,361
929,361
930,361
931,361
932,361
933,361
934,361
935,361
936,361
937,361
938,361
939,361
940,361
941,361
942,361
943,361
944,361
945,361
946,361
947,361
948,361
949,361
950,361
951,361
952,361
953,361
954,361
955,361
956,361
957,361
958,361
959,361
960,361
961,361
962,361
963,361
964,361
965,361
966,361
967,361
968,361
969,361
970,361
971,361
972,361
973,361
974,361
975,361
976,361
977,361
978,361
979,361
980,361
981,361
982,361
983,361
984,361
985,361
986,361
987,361
988,361
989,361
990,361
991,361
992,361
993,361
994,361
995,361
996,361
997,361
998,361
999,361
1000,361
1001,361
1002,361
1003,361
1004,361
1005,361
1006,361
1007,361
1008,361
1009,361
1010,361
1011,361
1012,361
1013,361
1014,361
1015,361
1016,361
1017,361
1018,361
1019,361
1020,361
1021,361
1022,361
1023,361
1024,361
1025,361
1026,361
1027,361
1028,361
1029,361
1030,361
1031,361
1032,361
1033,361
1034,361
1035,361
1036,361
1037,361
1038,361
1039,361
1040,361
1041,361
1042,361
1043,361
1044,361
1045,361
1046,361
1047,361
1048,361
1049,361
1050,361
1051,361
1052,361
1053,361
1054,361
1055,361
1056,361
1057,361
1058,361
1059,361
1060,361
1061,361
1062,361
1063,361
1064,361
1065,361
1066,361
1067,361
1068,361
1069,361
1070,361
1071,361
1072,361
1073,361
1074,361
1075,361
1076,361
1077,361
1078,361
1079,361
1080,361
1081,361
1082,361
1083,361
1084,361
1085,361
1086,361
1087,361
1088,361
1089,361
1090,361
1091,361
1092,361
1093,361
1094,361
1095,361
1096,361
1097,361
1098,361
1099,361
1100,361
1101,361
1102,361
1103,361
1104,361
1105,361
1106,361
1107,361
1108,361
1109,361
1110,361
1111,361
1112,361
1113,361
1114,361
1115,361
1116,361
1117,361
1118,361
1119,361
1120,361
1121,361
1122,361
1123,361
1124,361
1125,361
1126,361
1127,361
1128,361
1129,361
1130,361
1131,361
1132,361
1133,361
1134,361
1135,361
1136,361
1137,361
1138,361
1139,361
1140,361
1141,361
1142,361
1143,361
1144,361
1145,361
1146,361
1147,361
1148,361
1149,361
1150,361
1151,361
1152,361
1153,361
1154,361
1155,361
1156,361
1157,361
1158,361
1159,361
1160,361
1161,361
1162,361
1163,361
1164,361
1165,361
1166,361
1167,361
1168,361
1169,361
1170,361
1171,361
1172,361
1173,361
1174,361
1175,361
1176,361
1177,361
1178,361
1179,361
1180,361
1181,361
1182,361
1183,361
1184,361
1185,361
1186,361
1187,361
1188,361
1189,361
1190,361
1191,361
1192,361
1193,361
1194,361
1195,361
1196,361
1197,361
1198,361
1199,361
1200,361
1201,361
1202,361
1203,361
1204,361
1205,361
1206,361
1207,361
1208,361
1209,361
1210,361
1211,361
1212,361
1213,361
1214,361
1215,361
1216,361
1217,361
1218,361
1219,361
1220,361
1221,361
1222,361
1223,361
1224,361
1225,361
1226,361
1227,361
1228,361
1229,361
1230,361
1231,361
1232,361
1233,361
1234,361
1235,361
1236,361
1237,361
1238,361
1239,361
1240,361
1241,361
1242,361
1243,361
1244,361
1245,361
1246,361
1247,361
1248,361
1249,361
1250,361
1251,361
1252,361
1253,361
1254,361
1255,361
1256,361
1257,361
1258,361
1259,361
1260,361
1261,361
1262,361
1263,361
1264,361
1265,361
1266,361
1267,361
1268,361
1269,361
1270,361
1271,361
1272,361
1273,361
1274,361
1275,361
1276,361
1277,361
1278,361
1279,361
1280,361
1281,361
1282,361
1283,361
1284,361
1285,361
1286,361
1287,361
1288,361
1289,361
1290,361
1291,361
1292,361
1293,361
1294,361
1295,361
1296,361
1297,361
1298,361
1299,361
1300,361
1301,361
1302,361
1303,361
1304,361
1305,361
1306,361
1307,361
1308,361
1309,361
1310,361
1311,361
1312,361
1313,361
1314,361
1315,361
1316,361
1317,361
1318,361
1319,361
1320,361
1321,361
1322,361
1323,361
1324,362
1325,362
1326,363
1327,364
1328,365
1329,366
1330,367
1331,368
1332,369
1333,370
1334,371
1335,372
1336,373
1337,374
1338,375
1339,376
1340,377
1341,378
1342,379
1343,380
1344,381
1345,382
1346,383
1347,384
1348,385
1349,386
1350,387
1351,388
1352,389
1353,390
1354,391
1355,392
1356,393
1357,394
1358,395
1359,396
1360,397
1361,397
1362,397
1363,397
1364,397
1365,397
1366,397
1367,397
1368,397
1369,397
1370,397
1371,397
1372,397
1373,397
1374,397
1375,397
1376,397
1377,397
1378,397
1379,397
1380,397
1381,397
1382,397
1383,397
1384,397
1385,397
1386,397
1387,397
1388,397
1389,397
1390,397
1391,397
1392,397
1393,397
1394,397
1395,397
1396,397
1397,397
1398,397
1399,397
1400,397
1401,397
1402,397
1403,397
1404,397
1405,397
1406,397
1407,397
1408,397
1409,398
1410,398
1411,399
1412,400
1413,401
1413,402
1414,403
1414,404
1414,405
1414,406
1414,407
1414,408
1414,409
1414,410
1414,411
1414,412
1414,413
1414,414
1414,415
1414,416
1414,417
1414,418
1414,419
1414,420
1414,421
1414,422
1414,423
1414,424
1414,425
1414,426
1414,427
1414,428
1414,429
1414,430
1414,431
1414,432
1414,433
1414,434
1414,435
1413,436
1412,437
1411,438
1410,439
1409,440
1408,441
1407,442
1406,443
1405,444
1404,445
1403,446
1402,447
1401,448
1400,449
1399,450
1398,451
1397,452
1396,453
1395,454
1394,455
1393,456
1392,457
1391,458
1390,459
1389,460
1388,461
1387,462
1386,463
1385,464
1384,465
1383,466
1382,467
1381,468
1380,469
1379,469
1378,469
1377,469
1376,469
1375,469
1374,469
1373,469
1372,469
